1890 
1074 
-2018 
737 
843 
594 
214 
-1155 
1115 
-1114 
-529 
1601 
1459 
-400 
-746 
444 
1680 
1675 
375 
-686 
1446 
-236 
1656 
-1913 
132 
886 
-1314 
-670 
-1280 
-730 
-394 
198 
-1849 
215 
-923 
-1059 
-1053 
-1417 
1869 
1784 
1305 
934 
-1328 
-572 
-1275 
-2044 
-752 
817 
513 
176 
-250 
-871 
6 
1071 
1074 
311 
1014 
596 
-1544 
18 
-626 
-1671 
-1443 
-1237 
705 
-281 
796 
-997 
-2009 
132 
-904 
1827 
1664 
-440 
-1947 
702 
1381 
1931 
-1815 
-204 
337 
764 
898 
614 
929 
-517 
334 
-1573 
-1812 
1965 
-882 
389 
1893 
-1288 
-1258 
-649 
1773 
-448 
-929 
-1426 
-422 
-514 
-1511 
-267 
-1674 
469 
-2004 
300 
1186 
-1084 
-213 
284 
-1797 
-16 
582 
-1142 
1380 
1929 
1418 
24 
-906 
1010 
-1078 
1873 
492 
410 
-1342 
-1678 
-1003 
1468 
1683 
817 
922 
-1107 
311 
1272 
-394 
2000 
-1680 
-734 
46 
-1800 
924 
231 
120 
1351 
1469 
1183 
-747 
-196 
1033 
-1599 
-1599 
-943 
100 
1935 
861 
-771 
-855 
1435 
1686 
570 
-1003 
-1685 
1385 
347 
1835 
-1799 
346 
-881 
1342 
-1266 
-236 
-437 
1337 
724 
-1198 
-746 
-1500 
702 
290 
-1353 
-1444 
-98 
1671 
213 
-1914 
-1828 
1249 
-200 
-481 
1186 
-556 
132 
866 
1521 
-702 
614 
1944 
-1737 
356 
-353 
-782 
-968 
1059 
2028 
-1284 
1151 
-1247 
2016 
1238 
-311 
937 
-7 
1265 
-588 
-1748 
372 
1680 
-1255 
-278 
1020 
-1888 
1828 
1080 
240 
-1295 
-9 
73 
2024 
1453 
1894 
732 
-396 
1781 
-85 
-1099 
-425 
839 
239 
1051 
2029 
1894 
143 
1900 
-1575 
-1838 
-802 
328 
126 
1643 
166 
-279 
174 
870 
-1980 
