1623 
-73 
-1991 
503 
-1102 
112 
921 
439 
361 
-273 
-1048 
-291 
-2007 
445 
1875 
-1658 
-1903 
1582 
-1037 
-2012 
1289 
-1473 
1555 
-1658 
-604 
382 
348 
686 
606 
-273 
-1476 
1031 
-1058 
616 
1463 
-1703 
1933 
-1920 
1373 
1375 
-1844 
187 
1815 
-732 
1255 
415 
1186 
1225 
-1845 
-889 
628 
-43 
1936 
1017 
277 
-824 
-999 
1583 
-218 
1294 
-1646 
1472 
-1935 
1634 
1638 
98 
-1556 
-1320 
844 
1357 
-1906 
1056 
1872 
-644 
566 
-644 
-1162 
1172 
913 
-906 
337 
-324 
-1671 
-1950 
-37 
-909 
-657 
-872 
-1348 
-413 
809 
-1214 
681 
-234 
-274 
-1331 
-1257 
476 
-947 
244 
1821 
878 
734 
1881 
1127 
441 
1835 
-1804 
-948 
1993 
1114 
-101 
740 
-341 
-491 
-1175 
-480 
-1927 
-114 
-683 
1949 
227 
1418 
-377 
-156 
1336 
2011 
98 
1742 
979 
276 
1920 
1329 
1882 
599 
-494 
-96 
1687 
-1988 
-1407 
-117 
176 
-1804 
647 
1595 
-1599 
-255 
-901 
1987 
445 
-1009 
-1505 
184 
1342 
1380 
1365 
-1214 
181 
1535 
-1553 
1459 
1637 
-1156 
-1733 
-106 
1372 
-126 
-354 
11 
-1535 
-1507 
1517 
421 
-962 
1494 
-1810 
-174 
910 
-660 
-405 
110 
1614 
1140 
-1764 
-907 
-495 
1493 
-328 
-1066 
399 
-85 
1632 
1780 
1302 
855 
996 
1637 
-1781 
-673 
-2031 
1343 
30 
-549 
-1120 
142 
-863 
-1768 
-1700 
-1769 
-370 
-1543 
-234 
1634 
-600 
-1556 
283 
1536 
-621 
-1877 
-1465 
-1735 
985 
-179 
689 
816 
292 
527 
1547 
664 
1537 
-134 
-1470 
-1769 
877 
-787 
701 
624 
127 
881 
19 
-50 
-9 
1785 
-454 
-1569 
-1064 
757 
1389 
1925 
-1167 
1066 
344 
-398 
41 
-18 
620 
